idx1,idx2,t_x,t_y,t_z,q_w,q_x,q_y,q_z
643,456,-4.313007446231387,-5.608215303501441,-1.0449519250691799,0.999460949526575,0.022677865580311325,0.009625452359337422,-0.021699664767831965
0,456,1.0719232450104408,1.5617414452545286,-0.45600918556239883,-0.5525744894301976,-0.005783675741348979,-0.007638892874395577,0.8334084413068594
645,189,-0.6795098685570475,4.446762927735716,-0.29771067958883296,0.7671076092184667,0.004116772419687128,0.005413391046454033,0.6414823951297111
2,458,-3.7277938463075477,-1.1196560389340415,-0.48869035197760274,0.7505327727822836,-0.0205651535446361,-0.017513275733730432,-0.6602809376413171
189,270,-7.583520467818672,-2.4706402879554736,-0.06921220326673755,-0.03370331988764658,0.00027136692993074714,0.006558850731210286,0.9994103231734331
646,189,-0.4960349807055966,3.6482092369582197,-0.2401623619922691,0.7514365407369901,-0.0036689295821950058,0.019227202875012145,-0.6595149572758376
3,273,3.76142716048929,-9.104621927085176,-2.4577359513451285,0.9584017585633297,-0.0926155804882911,0.00027280938453792916,0.2699784232278084
189,273,14.369223323688443,-1.1759655198456094,0.3004784677826829,0.7070713370824394,-0.03106977978686542,-0.0053595050266267655,0.7064390056942754
273,458,0.44172201406529404,9.966053581581981,0.0670781532331774,0.9955442644444367,-0.00435202951184278,-0.003814798888874365,0.09411761089377037
647,635,-7.216589049034394,-1.7208055965945779,-0.16953660187252,0.9989626180742313,-0.03924188531914488,-0.015064627792777887,-0.01751625291955434
179,192,5.765961699800424,2.8239172529036556,0.6406631172093914,0.921416906766248,-0.0016740310546892781,0.009982624692256607,0.3884435979001338
191,635,-5.2596128154689055,3.877530953164843,0.1317533134030296,0.923481541375735,-0.04764612092835386,0.0035507634112499596,-0.3806561203737233
459,635,-3.9845081826305146,5.648118684157874,0.05401497033163929,0.7455800847013626,-0.01757942224906584,-0.02635765447606051,-0.6656625085286226
648,461,3.2837221377938053,8.004792428831555,-0.07252360252526946,-0.5039334780246035,-0.013353998877319173,-0.009836083607102222,0.8635832165456234
191,274,33.623244330001434,-13.51052170768857,-1.0024224068113414,0.9978550697454657,-0.0028952008298101972,-0.05977059799685881,0.02653965354944977
649,178,3.205375151286346,2.638997541520244,-1.052793869215971,-0.41474082348898417,-0.05821802163104883,0.04257728451465301,0.9070765602375603
6,178,-3.680940138182192,0.674557111796023,-0.3017293394526947,0.9958069405916706,0.02474882237223797,-0.01966514788942495,-0.08584471340234819
7,178,-25.686300286217808,-20.388898454626045,0.09623005296922292,0.6340894081565345,0.0236853522969467,0.014490139211252102,0.7727610642468368
177,274,11.312695065279346,-0.8291243036945805,-0.630386572871764,0.9564120273606013,-0.0066880303330401885,0.05665377136107925,-0.2863942289237258
192,446,-3.1803982850404866,-0.5729124204684594,-0.26010086470082017,0.5877436310330967,-0.03537631979890087,0.018169349185944598,0.8080691894433768
275,462,0.7759789836984599,3.9338397563217358,-0.008667149784010154,0.8489670631675653,0.006650793656755094,-0.02660534994926838,0.5277336903727594
650,177,-5.735351308475157,1.287157512798554,-2.6219879958938055,0.4276756591126696,0.15355942694552743,-0.08022175511596935,0.8871738854389359
8,193,1.576183519662043,18.533292015147094,-1.1323385173460403,-0.6393004815214042,0.024650748563738112,0.008970855928108826,0.7685094395423294
177,463,9.167475416379197,-0.473634061603929,0.3470669638607221,0.7365109686746303,0.029910530914561292,-0.012450047738551032,0.6756492799327729
275,633,4.768677408300361,3.854091924986002,-1.4277898118465433,0.8146749412858886,0.05458507650188336,0.005040218564230817,-0.5773212326434413
651,9,10.096085408261025,-5.119455414741682,-0.010065687529848787,0.9975222120518202,-0.0032825288685561452,0.00150126913715847,-0.07025957342916624
9,176,-7.069161515520564,-0.6842672697871749,-0.13726049995967088,0.19288228537061472,-0.0049435939791197935,-0.001204293631495872,0.9812087110017049
176,276,9.053494344381713,-2.604988246385704,-0.10909919866956243,0.9982760623177891,0.044804765803797865,-0.005197820474263848,0.03755554588704041
195,445,11.775240530184389,-4.869429992341709,0.6491185460934255,0.412929587395264,-0.01910869329767379,-0.009217315330172438,0.9105158179801912
277,464,-66.17623302393457,3.8314606988654667,2.368583948952827,0.4550012814126891,-0.0821379155610692,0.061287555790636,0.8845739269531424
652,175,-2.6756640786441213,-4.28851709570512,-0.578861907015299,0.7758044051543157,-0.008543212785808347,0.02008821442393243,0.6305957517298327
9,196,2.1377243633942102,-1.2279410942815039,-0.01278380160891384,0.6170700294452517,-0.004232638182267471,0.0006082599051498221,0.7868966218979097
176,196,-10.07706653788974,-2.875354107989346,0.11675775654671426,0.8937143282308129,0.03523056343451088,0.01941920712032504,-0.446829275350051
277,465,5.821089151734834,13.078842882041066,0.17198498359869863,0.9959532380307792,0.012830702225070559,-0.00526451393953163,-0.08879642802161655
653,278,-3.6005498472410014,-2.0086550199230944,0.24890100279653118,0.9947415834790255,0.0066775996215741274,0.0027220726389196076,0.10216252777551792
11,279,0.6858527299373258,5.5827043056771455,-0.6029627067983426,-0.5023755392078832,0.0021311461064817093,0.024256009724215485,0.8643066133115725
174,466,-4.77434460032801,3.0285464398684137,-0.07247791390314715,-0.029221814529111812,-0.02939816674614612,-0.017483667458252784,0.9989875648474316
278,442,12.479381740727055,1.311608002187426,-0.2221215393395581,0.287672623164807,0.02307702018043153,-0.041913643563264026,0.9565328846957236
465,630,3.0441881299134295,0.5121494799608429,-0.1584260920637587,0.7807419354867899,0.030525272759745214,0.02574176683913928,0.62357645829143
654,467,9.66897831610307,-3.2994906683891116,-0.37527192640313056,0.9340219135612223,0.004235941492896645,0.010062380190316241,-0.35704883460390513
12,442,-13.335779630563245,5.03485180478123,0.0023270119697795678,0.6622688188546273,-0.001865437290082791,-0.04020748011845494,0.7481843958939117
197,442,-4.615422182253649,-0.710691217913891,-0.12943163335074548,0.9935267138951571,-0.03414112301508624,-0.0329570104649803,-0.1032128284525256
442,467,9.5367431640625e-07,3.129357844572593e-11,0.0019531249999999998,0.9999999695744091,3.530633702655363e-05,-8.623623056646141e-09,-0.0002441406224223774
655,467,-1.2680623680017615,-1.2853160274362299,-0.12581535662645474,-0.12493656010357429,0.008861639272649383,0.006146606308377642,0.9921061165670623
172,281,1.271404327962531,-2.272687474285677,-0.11745048551310976,0.977692577705026,0.04033091632763478,0.009039182964864247,-0.20593429500693333
199,468,2.0029409014452373,1.2783306603851816,0.03353401601261443,0.9909659099728534,-0.002787592668787777,-0.0008813293490056892,0.13408213101441244
656,468,-2.0841372699782292,0.021967495061477035,0.08148572945855564,0.8980027456378555,-0.022003452331166524,0.01597186448204609,0.43914896841203
200,282,2.026908189757701,0.14439410408164982,0.02473861874770145,0.7234142297689645,0.0018472242737325119,0.00706319400620514,-0.6903756594932131
13,201,4.563235072248699,12.405425168635249,-0.4987041528962166,-0.006530961290255102,-0.0010726958317969237,-0.0041609098753272716,0.9999694408817137
201,282,2.9142751374969436,8.270092404260986,0.3776725313531855,0.1160631488129458,0.001141620588903899,-0.004831484587021182,0.993229429158611
658,470,1.3761672965512568,0.7646350247675945,-0.03665905283850249,0.2769156989846998,-0.007348791766121088,0.004467739223667531,0.9608557280995013
16,470,-7.973426423760612,2.1422314466443946,0.2615790485390903,0.6524102887338972,-0.002764114623907677,0.004482935996977069,0.7578476615450797
659,17,9.560011273184033,-2.1503452370635583,0.035181847438671476,0.9996129422329351,-0.0014169942008399226,-0.0075497531815368404,-0.026738718644454772
17,203,-8.40997616618856,-4.437791422768068,-5.303962963615218,0.904482478646728,0.01446935529638356,0.1351772788400912,-0.4042637590283928
660,204,-1.8728848412943853,-2.347986217341417,0.04548193327737283,0.8349147802939326,-0.006152705677861621,0.007385990541609812,0.5502952852817249
204,285,8.373525794180695,-1.5833080788570428,0.11312026238258614,0.9691565898074366,0.0007633163474060505,-0.00034996681958228345,0.2464443127852601
661,286,-4.552604711006374,2.402393768405574,0.11502971849164365,0.9808950450930342,-0.0024216105318350767,-0.005129174393765094,-0.1944549764968873
662,288,-0.7163899354616962,7.182158075050173,-0.04358054505353541,-0.16066541875856244,0.0009015456047194793,0.008535716712142491,0.9869716064664011
165,287,5.107629288095602,-3.9327219645925053,0.014027033652465232,0.740319901056439,0.015899863348890795,-0.03562697819634714,0.6711217153913797
663,288,2.595181944459722,-1.9363194582695658,-0.1270125115078301,-0.38017767172124284,-0.004836379341964202,0.0021569799316009603,0.9248983159229182
165,289,-14.07831530648882,5.228870875287878,0.06357608663720643,0.9991837038748015,0.03422777973588703,-0.02139792968957677,0.0015854369695461829
664,20,4.131250135187517,6.800706294789316,0.02839915407936645,0.42446650418917176,0.00022447000513845585,-0.005739593020829249,0.9054254212836064
20,290,-3.4072571969297187,12.887950358752452,-0.003775873367959133,-0.26165976583361983,-0.004877739157825812,-0.014222527167255715,0.9650430530943064
207,290,7.083721559012603,-10.005160927724841,0.11446863617575469,0.8924270863467504,0.0017864995202458924,0.001253533312006412,0.45118636130577977
290,477,0.053947743165750524,-2.8035529335572362,0.1023178079904077,-0.37826516788481923,0.0013601554874444336,0.004628583612976312,0.9256847135800921
208,291,5.430640285483441,-9.287006638540769,0.120769040084057,0.7293046144983034,-0.0013445584145175013,-0.00021175039896239922,-0.6841877860616333
23,478,1.4431519738882281,-2.5059230791962177,0.01626949916741496,-0.6108747851203006,0.00045779050307244125,0.0030582370556328873,0.7917211848360467
211,292,-1.5978054778109616,-10.240225194409943,-0.0385113149194424,0.9991869466347107,-0.006547867338457228,-1.8441452564916642e-05,0.03978153803002888
669,26,-0.0028333555324956774,1.2171615929089428,-0.21853079777142417,0.7694172991958544,0.002343139454770736,-0.00427646928667301,-0.6387278303049687
26,481,2.9336315724545594,0.12277463812622545,0.045998187734730404,0.5572450391009166,0.0004756929132553411,0.002026252246617314,0.8303454909948649
670,213,4.99727603574613,-0.782954885026773,0.2775222642828048,0.7677137972362995,-0.0010275634042884734,0.008485223489008238,0.6407358821143183
213,482,-1.1129657286994366,14.22955419105624,-0.22531163328490003,0.9923420023767404,0.001013201818118117,0.0001260462070370461,0.12351642746351892
27,483,0.5114579541309234,-15.354807029115179,0.06375528817341233,0.3866375067560288,-0.02228022255705393,0.010403578830244554,0.9219038971605515
672,29,8.131940796306035,-2.946080299766303,-0.16273577050993984,0.7038087419030588,-0.003256991945789324,-0.002932686724669741,0.7103759892992398
29,296,6.82146140193684,15.071271853890597,0.25759036680099046,0.7862107162592281,-0.003127316937518932,-0.016458580292171798,-0.6177313693367773
297,484,0.34922208937679367,-0.28632851858852276,-0.15603898269656222,-0.5358813316532447,0.0029245076683886116,-0.003956453739923945,0.8442789776574129
673,301,-10.750206242142637,3.6265852129555376,-0.6411687333683165,-0.010484918774220623,-0.0009208564549012254,-0.022261100401403635,0.9996967849856306
30,300,6.778551566736976,4.043262067784196,-0.11696138960695349,-0.1375674172791928,0.002966830586776478,-0.013396826594954885,0.9903973589709266
31,299,-1.1753906743687168,-1.1627483361590534,0.9241677665958684,-0.01792024737208382,-0.02397406431873597,0.027368809968011217,0.9991771900994835
32,298,6.201150881670803,2.9732218373126016,0.4929843832124068,0.9802030824408876,-0.008845168578402042,-0.008979523552772506,-0.19759313834991182
216,300,-4.326542994784925,5.6864795718681425,0.00900743568948973,-0.7017655009744491,-0.0013113702577743492,0.014599466283143644,0.7122571990049484
217,485,-2.1922107556692123,-5.679588767560035,0.019627519693734892,0.9089722476081502,-0.004123528680414627,-0.005424705374034557,-0.41680093829190723
218,487,-3.33717262850219,-1.839722944412163,0.03991441269580206,0.9903113117067182,-0.009641529696197328,-0.0003276799018389675,0.13852956159866622
300,485,6.912601956359171,6.132137282642793,-0.4394304346218107,0.5584915040694836,0.014549480855039397,0.007420006276607465,0.8293494414273817
674,33,-5.507674690362381,-1.640800359075501,0.046109133162596246,0.9178094903663648,0.03310183236189451,-0.022388018979081666,-0.395004790722734
674,302,-7.60098732093756,-0.45757083699675427,0.5543391124136344,0.999807557346508,-0.013955579640018631,-0.002000557843446027,0.013641401615507445
31,303,-5.115477995977024,-7.863425555802144,0.4677117186511135,0.9827772516977492,-0.0013975343823879115,-0.005955256180952992,0.18469286766653484
33,219,-0.8939026066334032,2.576064140042279,0.5272880556897028,0.7646682315683817,0.0005523413287294405,-0.0012096781805789902,0.6444227860867736
33,488,3.4515626777764257,0.7985427277336473,0.22481121330126716,0.8874862654207706,0.022821477576540974,-0.003841277425262959,-0.4602527060631572
34,302,-2.8245322867436595,-0.8538121273051039,0.43851492934119307,0.5914776458936215,-0.0006810646529525162,-0.005509010322760418,0.8063022890729891
218,303,0.04919070985418623,15.930997515887524,0.015396930271483322,-0.2734237496089945,0.007160026047954806,-0.0008476971222878385,0.9618666584232657
219,489,-4.2764685736254116,-5.872829422527253,-0.10705356263137658,0.8796652210474764,-0.0016906356533773978,-0.0011557402669933252,0.4755890083833071
221,299,2.6320006072114497,-9.875713112926206,0.31699763174449674,0.9480334549273941,-0.0003982519757968519,0.010793818581163654,0.317987268949921
300,489,6.689090961528802,-6.370836902357311,-0.26186151317251266,0.21569220004533363,0.00873626925301992,-8.817861669495742e-06,0.9764223227484038
675,32,1.6372336429319383,2.325484879351971,0.3248820988768947,0.34086369246619386,-0.009513869257480078,0.010529561009905918,0.9400056158316301
675,487,-3.761200217895755,2.9782388720729522,-0.7360610473008171,0.9060885471030609,0.030923332413242632,-0.008656122382568653,-0.42186770896386744
676,489,2.6813122356957586,6.946077900251046,0.1030150455240572,-0.5549644702184235,-0.007898658081454207,0.0033072737200920254,0.8318299765794914
678,36,-4.118913944885994,-7.3987771863615235,0.13501024696703,0.8040017016704191,0.0035257151715179388,-0.0002992825324628057,0.5946164675432103
33,490,8.851826319674814,-7.284741438850633,1.8545119496955536,-0.672204505063228,-0.01847135783203457,-0.061618610966355895,0.7375656303645923
35,490,-3.7798664087666456,0.2226736382709342,0.03797823673351366,0.7858495547036316,0.002054610930760042,0.005804794764335844,0.6183870634996912
222,303,-5.871446326671533,3.7610198871475005,0.059474759535928796,0.9657305890944556,-0.0007871465981208613,-0.010591699571337161,0.2593291838334039
679,36,-0.9416411486066741,-2.7248372821787377,0.09781107079595151,0.7798876901721141,0.004629002451064618,-0.006270537974626086,0.6258709478860808
35,491,-10.134410636068747,2.69666636353891,-0.01332326118635297,0.2504542081202108,0.005526925923159892,0.0004793105390433414,0.9681125518172591
223,491,-0.5338029005830734,-1.9571426877125544,0.10960876016104572,-0.21644148704461552,-0.0027384559690705797,0.0004091819025165631,0.9762916654949952
680,306,2.5444189989769304,-3.2809524981810325,0.1376774294142937,0.8072976233712201,0.001048856555043236,0.009763031916958015,-0.5900628190344609
37,306,-0.5127230742338936,-0.07387222590130658,0.1813418238627244,-0.10515296934709939,-0.0037804067493102033,-0.004187435033862292,0.994440056991941
224,492,1.3745486621037424,-0.863055217313803,-0.16559298605061426,0.7229417038877481,0.001518548408502369,0.006457816457820291,0.6908771840184097
681,307,1.0583166903323202,-6.136000761969191,0.009717316886485432,0.7948069442118421,0.0030391671934301054,0.006846554941302618,-0.6068161250171586
38,492,0.5812250359775771,9.141839036390921,0.034366383038525045,0.9219496397873551,-0.0003580551691020556,0.0013386385396313117,0.3873072960057971
307,493,-3.011252134902127,0.4273375175219517,-0.23170511900849966,-0.2779775650752763,0.030843114514457027,0.0031318316155052577,0.9600871664763574
38,494,0.09576862725363686,-6.322889227186901,0.12245668684061924,0.8535850179504102,0.002752605331637689,0.0011927541906706226,-0.520944927638159
307,494,5.332202562565315,-0.5291712483748368,0.040246570873378976,0.9842734665242702,0.002053111711811089,-0.012093347593670067,0.17622507986258334
39,227,-6.399821854895124,-0.3369434353255351,-0.034921743922460904,0.9144623836288487,-0.005532630980969422,0.0022793691821293475,-0.40462667163498295
40,309,7.14213592238695,-5.198347924899384,-0.23639491969722365,0.9786115264220857,-0.0005034536769346362,0.006667950627703078,-0.20560828125991693
685,497,0.6498108097567188,-1.2700072310815813,0.019818337938066935,0.614469503648143,-0.011612322858239444,0.008808013558062391,0.7888059342711626
42,310,-0.49288356396717803,1.1641684648384176,0.2721636178256248,0.9910816328325109,-0.004252857097931438,-0.01869354748246621,-0.1318698659704681
686,43,-1.2423107279253438,-0.5137432417410404,-0.2789574932450401,-0.6618710390506359,-0.01749288743894559,0.005489025785479156,0.7493934861946736
42,230,2.5982808719142096,-8.390025061472178,-1.0386776459418767,0.9725909375242024,-0.11110814873047,-0.0361596282720662,0.20103315352127013
44,311,2.1853512746876276,-3.5973740914393084,3.1332420135440753,0.9224248009275748,-0.04311893656866683,-0.04610239000673943,-0.3809826945919952
687,230,5.383966242149352,-1.8967753052335823,-0.03097660159039159,-0.6435078219817111,0.0006691561110058706,-0.0011036689335264488,0.765438447684292
688,231,-5.774797308986987,-1.0626286945354924,-0.02803809561017798,0.3629408371434618,-0.0004748106172702119,-0.0004533205133330016,0.9318119540921297
231,313,0.2501457920250237,0.2868930521782754,-0.11363903771254538,-0.3124642433758449,-0.007484585688517697,-0.006385527752482263,0.9498785725680701
689,233,-2.999258999745084,3.6967365345392853,-0.09338691257462285,0.9978870363815664,-0.001509007154973562,-0.001041899893312114,0.06494690110877364
690,47,-1.3177224097933586,-4.395561739918374,0.08578414791447854,0.9659372479413215,-0.011585466133753108,0.009489802441081044,0.2583427058456242
46,502,-5.867763590912804,5.825487388295161,0.6966757511433508,0.7934314756616382,0.026909729753305852,0.00215694014537135,0.6080606116853885
234,502,4.404789789954461,-0.7731230873571755,0.07712876665274271,0.5620693031339147,0.0007427161862206387,-0.0005358253315730385,0.82708963222763
691,503,0.13316048496172267,-0.28016904325327985,-0.016958900240135074,0.999917001961005,0.0035298782460761445,0.0008126143328483383,0.012364012569928987
234,317,-8.36473656799133,1.215764908254496,-0.04947807096051231,0.8063146288047673,0.005177419083992867,-0.004913526102372932,-0.5914438020372692
692,236,-4.100799572990261,0.8151252653530515,-0.05148042249474973,0.6554436317946013,0.005910503990858063,-0.0033082604859093877,0.7552137226607014
236,504,-1.2506285166139435,-3.3854910223953807,0.008187058134379714,-0.6439311201258258,0.0013430087042565345,0.0014107445139572652,0.7650809883019156
236,319,3.1543687362807242,9.694027953577239,-0.20728810590694657,-0.16115967495398845,0.0050745701892854385,0.0040795454142481076,0.9869068675489759
694,238,30.201371977652308,-45.64468674089049,0.585139606000938,0.939575885920081,-0.010711855067377866,-0.012187960665863763,-0.341955939228021
320,506,-2.6456393491047625,5.579706284069717,-0.09328012662809107,-0.5824266942712705,0.025124476752698792,0.005563352651081189,0.8124758184558005
239,507,2.1567914844709306,-0.5954411570196737,-0.15302358396161192,0.3444371608673567,0.005100929600800053,-0.0018937101817202602,0.9387936070258414
697,509,-0.8082957029974338,1.1632808762040059,-0.1008147149406139,0.7754057864403442,0.010203657821775469,0.003766847689138943,-0.6313695926954151
698,322,-0.6583626187036056,-4.639876135179587,-0.10250084059504483,0.6465586124221625,-0.0027851763748258916,-0.008782261529208616,0.7628086754735565
699,510,-2.408893916368361,5.351796579249596,0.27045950103047134,0.8819926821998664,0.029135722658015693,0.002286008776321593,0.4703560272548394
700,326,9.261779048506913,-0.3539381429174148,0.14723683058267276,0.8831860317500594,0.003475279388677023,-0.005916538217775257,-0.46897265413909933
702,59,7.953865215792122,-12.316322914005655,-48.72803306994871,0.5527822413130566,-0.0044165459124417715,0.5600973740275857,0.617011522921995
59,327,2.639406093133628,5.1848636674871,-0.5428816683351816,0.984670689121601,0.01778212293547238,-0.010411336578059798,-0.17320229259267195
246,327,6.689256675703771,-1.4848669908996541,-2.26831654167459,-0.3469564947562851,0.8588369679202793,0.3764521993598364,0.01743544886359343
328,515,-1.6952003591093001,2.333252854919496,0.43207044525898686,-0.523813169979926,-0.007654840525468512,-0.002426506860445024,0.8517953266111331
247,328,-1.356422366487232,0.6649658240838041,-0.10769068780273777,0.9965452578221957,0.0015129938656523617,-0.014323033619024074,-0.08179309671118022
60,330,-4.542814038385044,14.00378563740718,-0.24154520088134862,0.9966820228821678,-0.0027970214108201477,-0.012117224594709323,-0.08043814271139645
705,330,2.5105094942251185,0.3350890518841583,-0.17617431437934197,0.8717554176992535,0.004985196655093454,0.006296908514729918,0.4898754826172332
62,330,-3.3622125470790074,3.946497247624434,0.05574023560022393,-0.051638876933185564,0.003996970199258334,0.0007246103449874208,0.9986575617087939
249,517,-0.7128378300395772,-0.8961994689401438,-0.03953537993445472,0.9415437314528601,0.0011855570347543288,-0.006330990179804319,-0.336829207135731
706,332,-3.7244198207272348,-2.4170782075566826,-0.06718207860767351,0.4734892729461269,0.0006431080434770269,0.0012087384861746281,0.8807985205302428
63,517,8.862036483590702,7.496130383101271,-0.23574140310913097,0.5377133706174287,-5.2192841527095896e-05,0.0001719163199399007,0.8431276883010841
332,518,-0.5819541473946687,-3.9765661102483145,-0.12827487005592036,0.0234919245409103,0.0028913689427462353,0.012701519764685601,0.9996391553268951
63,333,-9.50285200060957,-7.726457351627237,0.046456022261952674,0.924277196189733,-0.003195618363755796,0.008162568118926726,0.38162131113005554
251,332,4.521720882606217,-8.932322098206708,-0.08758040433847229,0.9954211661455137,-0.0016620099174032826,-0.0038629248026778506,0.0954935470307237
708,252,-2.3100793910897277,4.344948153040943,-0.1427889613254086,-0.6116738540266113,0.0032825370620908176,0.008775357888408422,0.7910545583868398
65,333,-3.0260679848164935,8.252800267938193,-0.2200012996666326,0.6091478330395067,-0.011419881038120227,0.0006111790320678907,0.7929742305274108
709,252,-5.235305387393823,-0.7451743308761026,0.006130036865898822,0.335924953177209,0.006510215199061071,0.0007674065038826099,0.9418659427000265
66,252,-5.0055163163897145,3.927834861080788,-0.1526406207390498,0.6827629708156282,-0.007849732816503295,-0.002999960621717395,0.730591614798579
253,335,-0.5356997260027442,0.08117526020977005,-0.15838561225576564,-0.2778876938400562,0.0015359418209544952,0.0038144334358183687,0.9606047681500137
710,254,4.682161220261429,-0.25444604051283076,-0.07485128887284087,0.6235870021852282,0.001957353077403661,0.0017417842006444038,0.7817495671008516
711,336,-3.6535779532097097,3.2219287354662636,-0.0016729253295175116,0.8880389031357909,0.0004943783450694502,0.0025631141416587967,0.45976090803082664
68,336,-5.076505469071493,3.0963285879621596,0.042706325803570956,0.8652983203370913,-0.004501555395901093,-0.0037467974852658926,0.5012230185550446
337,522,-9.064417310688423,10.280693597611334,-0.15662100716670344,0.9171904569175333,0.00351340583119498,0.002599059938712876,0.398425107901481
256,337,0.6569406526016676,9.260693561959949,-0.06687354758927543,0.9550017774376994,0.003986800607255416,0.0044536731717037216,-0.2965398376391148
713,257,-3.203574089176243,-1.7051980584622688,0.08706318214689275,0.7682589096390133,0.0024171140944389117,-0.00035848729068289746,-0.6401345771059327
70,257,-3.6705759034314864,0.13264215441838784,0.11744816594337812,-0.6920299843737086,-0.002064310445783937,0.0003005640813697599,0.7218657416800861
339,525,-1.5252314463661025,5.99985192843162,-0.20299232271251097,0.10489578323075452,-0.003770742011462756,0.0005412795265004483,0.9944759238823048
70,526,-11.287188649338,-0.8644941654485961,0.4123056426932231,-0.6505633963421199,0.006011523405399998,-0.04151699822572465,0.758292468500431
258,526,-2.54953239644307,-3.2597627275553087,-0.22436205518085284,0.6979746743415618,0.0003889362354234871,0.003985795954810437,0.716111245643442
715,527,-0.7431586232969445,1.4328500635752144,-0.009439905102151053,-0.030479023594789444,-0.004112163410619455,-0.00225427370081204,0.9995244056464426
258,341,9.384183567845993,8.60303692566663,0.42445377359219,-0.31553706341045534,-0.001649783040437808,-0.0010246855830327835,0.9489112655299661
716,259,-3.9302452491174087,-3.3701323935234093,-0.1036665233307509,0.9113503780901113,0.0009781669489508007,0.0057846270935005255,0.41158968601487134
259,528,6.011977601257172,-2.0898493289367948,0.1338126444642906,0.9999329504030776,-0.002187280267300611,-0.002762293801927663,0.011030876491944687
717,342,-1.3641263486153716,-3.6061874654318182,-0.04796160871943664,0.9905570973720919,-0.005931529242895983,0.0021695338917963243,0.1369552734629421
720,264,1.659147443898382,-2.1961371961567573,0.2785519862538193,-0.6794726659874983,-0.001470135056154693,-0.000516776561363197,0.7336991671119327
721,347,2.0877138583534434,-7.010399930001861,0.2609764378713676,0.8101250963640584,-0.0057151259908268534,-0.007990816266055398,-0.5861747285847764
264,532,-0.9999301816043805,-0.7425006837258962,-0.1292504689846914,-0.08577128525815009,-0.000752517799343611,-0.0027814124036820436,0.9963106865266314
722,79,0.7084943937976981,-0.7984767426996727,-0.03200450740868126,0.43975430332655596,0.004691384790489383,-0.006349108687497656,0.8980834217562406
79,348,-2.9160710498877798,-4.985370697262705,0.05547162721277147,0.47502553355589533,0.01020281456392311,0.008549690113111788,0.8798713245946141
348,533,5.899846437415188,-14.637899684080555,-0.587034258005022,-0.12434262322532663,0.00027573575412229894,-0.0016944563169606552,0.9922378569864326
80,349,-0.02005663310475058,0.40575501794575963,-0.2987890220002158,0.07753764366031057,0.00484053934736787,-0.003133341992279923,0.9969727504613116
724,267,0.44114119587444506,0.5247108376730011,-0.02808351161428934,-0.49881152361778336,-0.0038464406862838314,-0.0009425408301572513,0.8667014367225521
725,82,-1.7008812867353345,-0.1385727254573859,-0.037753650762049444,0.949820983044625,-0.008634787561025042,-0.00022205312849210156,-0.3126747372339604
81,351,-8.078700441443026,10.158339093585415,0.43812533987265456,-0.1978418523507955,-0.0035584637920800023,-0.011660043643712018,0.9801581414119219
82,538,0.3755712932984188,5.763253971046833,-0.26891029485081575,0.022406488687423527,0.006216396775464408,0.003388712664061475,0.999723873028103
84,536,0.21421041766668747,105.62979565098095,3.48924338035438,-0.14438884591764992,0.47622826942501745,0.1910278574580482,0.846089152660646
352,537,0.44047188006310767,9.680909921690066,-0.02216213273354088,-0.7066884635292695,0.013445445401738537,-0.026088287340617862,0.7069158625863636
726,539,2.0334946692011178,-2.402384842999925,0.5175013240782531,-0.41177070261479287,-0.002700065737193757,-0.015991722531720057,0.9111431626937686
85,538,9.802730454525747,1.0794714536794416,0.3105024168826535,0.9641840488305665,-0.0315167593742728,-0.08074894756363579,-0.25066994500060236
727,352,-2.9570099759248256,-0.29017777078720325,-0.09185041826468422,0.7155435374086478,-0.010000458427181285,0.0077369763588815465,0.6984537036202094
728,353,1.1860044245311945,-1.9199818822743824,-0.07824050121624417,0.8506565107409105,0.007701045482876992,0.007216194490280105,-0.5256159445542424
729,87,10.177240991910576,-2.6261819109274853,0.000749153801980092,0.8173011752384856,0.007240178456511896,0.008008387817670338,-0.5761095681328942
730,543,-8.811252579814715,-3.752242938154686,0.04178519052860597,-0.4476165134028545,0.003485383575604676,0.0007399822359912317,0.89421851996964
731,543,0.05832316232706051,-0.22086678935612,-0.17167146850370582,0.5028693585634092,-0.008281944390794828,-0.0009571854936513603,0.8643222208245395
89,358,5.082872585467395,1.286319029698749,-0.1864931273733261,0.9953765227914925,0.0016046487114011,-6.808195458486375e-05,-0.09603644278542377
90,359,-4.8816520867614805,1.7981062999572732,-0.2995945719476328,-0.34404854211702296,0.0010296220877374807,-0.0010011507101485154,0.938950764546663
735,92,-0.10953976004698443,0.5849753270102341,-0.12924424238336027,-0.35959261260689107,0.0002360477315157818,0.004743500943994674,0.9330973134881554
736,548,-0.6171621634428691,-0.4862360562933861,0.18810853220054294,0.738176977752592,-0.009824854539702296,-0.004156031569351223,0.6745227565849188
361,548,2.126752304493002,1.6006894850189957,-0.256928460303685,-0.13120541192744542,-0.0009366476348338152,-0.00035497478038423605,0.9913546976562236
737,549,-4.593881659602568,-0.028994596457476304,-0.18938159467723376,0.9078853019405808,-0.0008947435592565692,0.015152343581255034,-0.41894377240653563
738,95,-4.68634791690036,-4.709926354188463,-0.271616594294684,0.1582707061314262,0.008467725930984953,0.004660440416544046,0.9873484498865339
362,550,-0.631633511506548,-11.91260833074631,-0.8087725557321748,0.8781299318113495,0.0007447172237380061,0.0005723961110586325,0.47842130033678815
96,552,-2.7092588779583164,-1.1829730287334148,-0.09674629894491847,0.9382709596796575,0.0021588449529425717,0.0038152720440183113,-0.34587337178440597
97,366,0.4500341871984864,-0.805192432888673,0.02019895030377096,0.8338350921783161,0.007814384802444445,-0.006186163213438923,-0.5519236413008916
367,553,5.694176144683785,-0.4648248086231189,0.4764783693588526,0.9675998661959394,-0.008097669577442979,0.005828458948226165,0.2522914103795523
99,367,1.786655441516674,-2.187066423930071,0.13842328286020184,0.9038107659144073,-0.029220118130591305,0.009722662716356318,-0.42682286014616255
368,554,-2.057276048822498,-3.6055261269891883,0.08747267162227908,0.6712282789093242,-0.0031474793087039837,-0.003878709646334244,0.7412338676678956
100,369,2.1770469782988258,-8.950706341847537,-0.3336237863225101,0.33334731233281906,0.0005981517988256929,-0.012497965972065116,0.942721068196459
744,102,8.766069127764831,2.8324255827464837,-0.387028413066483,0.9576907417943435,-0.0009062576935600954,0.0018027889423673066,-0.2877922370920075
102,370,-1.584917442325128,-0.9798060309508466,0.15947719588240625,0.9430197762811854,-0.01287056613164011,-0.014281895186947691,-0.33218079044385296
745,370,2.6185889801552205,0.42069848010063005,0.2864186617296429,0.6669498325855641,0.02248893236823289,-0.024639736736918195,0.7443554608576204
371,558,-0.10914793516130691,1.702015404223581,0.011794577374798599,0.9736687952639634,0.009462628197229631,-0.038676594341720834,0.22446304116034138
103,558,0.7596361508773259,-2.1000637627623755,0.3238425903815147,0.6314875791876146,0.00181231850599853,0.00422181501116773,0.7753723809315177
747,559,1.1434703516855147,-0.1871351703060378,0.12306892191948204,-0.5808962486867993,0.0020939463162369444,-0.0031496205545304993,0.813968822216669
373,560,0.5189140282538275,0.8908683025425869,-0.14028457471913616,0.7793550100259435,-0.0001837929663017449,0.002086276147163585,0.626579110742965
374,560,9.032594272118391,-0.3495194914840552,0.24476037506417328,-0.5517246751041252,0.0004423606463466581,-0.0036979245081725544,0.8340179929429808
750,107,-2.3813360620453365,-2.461259050020759,-0.14375228001220092,0.9591037802401882,0.0027476034428501835,0.00694420978109208,0.28295612266713377
375,562,-1.2483726407699982,-1.9201512670739935,0.050880884578218225,0.9967785450038885,0.00045286438658688054,-0.003120044916501231,-0.08014107843982055
108,376,3.216679260735173,-2.8972152616570304,0.10586479842616935,-0.3173342866134902,0.002893703788964155,-0.004823693541499783,0.9482970573604595
752,378,1.723864935220142,0.37302611763399546,0.33810762377643433,0.01560820688795968,-0.04105768237410913,0.004662111347434684,0.9990239813505948
753,110,1.5043150127995129,-0.27095643711963713,0.033611783655409976,0.3964103282118869,-0.000784144006189523,-0.005617424714274401,0.9180559249548478
379,565,-1.642329726370582,-7.699311100149302,-0.8399797570443862,0.9936055250644695,0.017977094607883597,-0.002170457093070545,0.11144583324120305
110,567,-18.10394837529684,-5.361176524208477,0.40207349159021266,0.06441441852552054,-0.0038801481299910027,0.022409077059311673,0.9976640518741057
380,567,2.4196624748408184,0.46050769299179106,-0.22757015879038997,0.9870169343796746,0.004028776240271311,-0.01008936038350757,-0.16024838537971806
112,566,-2.530798721321889,-11.681339756051926,-0.6004192422017824,0.8799394723340411,0.0038512534668767493,-0.007560030294743042,-0.47501004075405145
113,381,6.958552727999352,3.9304576501780213,0.047506161901510975,-0.6192144393293298,-0.007884479143316737,0.001205397627082607,0.7851814186105419
382,568,13.028679866231668,-5.0146475141743005,-0.12879743339392435,0.1918732743806799,0.0050814825105107595,-0.013314466167144426,0.981316233486747
114,570,-2.5775910421239336,-7.88022532595736,0.10731282802682358,0.9941116623444531,0.01071229536883029,0.007533057590920289,0.10756627055918012
759,116,3.105763555686117,-1.7082344653374464,-0.16530440297635773,0.8553896488742768,-0.0022326426159231362,0.004711632290952619,0.5179588443369278
115,385,7.013386578742268,2.3471002656386863,-0.1481707605795608,0.5491710918107986,0.00314956778886929,0.0002144612841513348,0.8357039823696165
117,383,-9.470386749024575,-12.011661846307003,0.12294523259722379,-0.45362042971700595,-0.004171863827743357,-0.002413907278907329,0.8911819535578638
384,572,-6.871140715427453,-0.468929738823815,0.04016008419015124,-0.41671829674184035,0.001228929339363591,-0.003873480810778362,0.9090265931421736
760,118,4.319300189969146,-3.394077224480898,-0.20423498317079078,0.8994896442468315,0.004502780759025804,-0.0016183627850354172,0.4369158795008948
115,387,13.776576446924752,7.295114051435101,-0.2063513170134549,-0.2202867229791411,-0.01168887335795584,-0.002576059487240819,0.9753617246110547
118,385,-2.387673596085847,7.421917656288871,0.08844875237118545,0.9999489946681821,0.0032609548260237884,0.0007728224395149662,0.009527695481677423
119,387,0.0,0.0,0.0,1.0,0.0,0.0,0.0
386,574,5.828342396803364,-0.19900664963628398,0.10903457025781005,-0.26000380622416913,0.003929392535263324,-0.006729281129160486,0.9655761479027603
761,388,4.639880506078512,20.47635460196367,-0.3761490052088483,0.5712581073081868,0.7936154702514294,-0.019218440139629832,-0.20849295376791546
762,388,-0.3717899402020235,3.775794566371656,-0.014843717046205587,0.8266881725871666,-0.019884847326226477,0.008340675401609243,-0.5622470020241536
120,388,1.8607669586108189,6.897619476621434,0.10141677395189119,0.823928178215574,-0.0216929174635976,-0.011942521578336012,0.5661529392775718
121,577,-6.385480138039915,-5.177489787571413,0.023789581556017722,0.3701371908579151,-0.013436070912507838,0.014432769716885391,0.9287678004219057
765,578,-9.70728996994243,-0.19907434935999238,-0.03581262510572674,0.7699171318773022,-0.010412279468904797,0.007364277064509926,0.6380164276109257
766,122,7.390955817017405,1.39321219241349,0.02559706617912495,0.7600623243267675,0.001809141863884473,-0.002786423395818822,-0.6498416930217448
123,578,-2.5593118647320736,0.11774488550126579,0.030324665870542576,-0.637772166276022,6.313230475949622e-05,0.002505912052934,0.7702209944831971
767,580,-10.545046364101877,-0.024539365580701834,0.03980104936119747,-0.022321297157431495,0.0029301550542176133,-0.001662951429819106,0.9997451717698416
768,124,3.523457851378611,6.102006094013857,-0.06565484984478549,0.4764795670049395,0.011395829603464568,-0.0033879443381139274,0.8791051581736942
769,125,0.902518959622609,5.477428623193297,0.14054014233124423,0.8825972851902039,0.01132358550380588,-0.0016496477205165813,0.4699905182539517
126,580,0.0017969843325097918,-12.911090980207012,-0.1567865797073935,0.6465137251288672,0.007161515209131223,-0.0011435984686326895,0.762867883779654
770,582,3.12029644955747,0.3679364733006559,-0.014092208371013059,0.9793965841232725,0.00999745181823447,0.006708262631816854,-0.2015871552884024
771,127,0.5500636648171864,-4.977738588474429,-0.0018502400752436012,0.9977824592731483,0.0008112756111088932,0.0006652225348008497,0.06655120793561836
128,582,-3.929520783082405,-12.211714639599395,-0.10489996628871227,0.9260500717690008,0.0009227536753359198,-0.0004921289780374142,0.37739921954258465
128,398,4.113949984183265,13.381282729463747,0.1643573964133255,0.9766283272403765,0.001925992615381867,-0.0012729838458440793,0.21492273145537183
773,585,-5.845778010410383,-7.165585264080352,-0.5270147927767073,0.9607383816346996,-0.00015127069447818894,-0.0016572877641783021,-0.27745088316381716
399,584,5.821116736806128,-4.0928876093300595,0.1327947454689337,0.9583502434513063,-0.0012231680752711502,-0.0005896779301754945,0.28559230909921274
130,586,-1.7266529234769912,10.525977231388191,-0.11498975437262296,0.7902750892956243,-0.001024753271360347,-0.002484424810660336,-0.6127463265927312
775,131,-3.5413903130611923,0.8706439573545587,-0.001069208525453429,-0.6935121478083812,-0.0020277312985313694,-0.004108093950762589,0.7204303663172995
132,587,1.0850140454166497,-2.4249920117861055,-0.028865285904151237,-0.35015501975051677,-0.006646373813118846,-0.005805278289128278,0.9366501943642765
132,401,-1.773039564511477,5.122737428594939,0.01725925367567137,0.7026103454527816,0.004907966858736404,-0.002264642572995367,0.7115542746116091
777,134,-4.195890718524765,2.847892746546209,0.006339353250985143,0.3356798228423861,0.004900466032232031,0.001267037181742623,0.9419625452139545
778,590,-1.5380622715444745,1.047865092197283,0.024322992480557387,0.9995842004310013,0.011636489813785428,0.006321469715555435,-0.02561361696764048
135,591,2.8857461529350634,-2.850934217710803,-0.26712977097060964,0.9973916417994143,-0.0030686722275823984,0.004178344493128032,0.0719933160559036
780,592,-3.2121292893476823,0.6285927169109325,-1.3187102881899129,0.84274103981423,-0.0028200199711240904,0.029707962481671592,-0.5374914178527695
137,405,2.845926085887381,-1.281978494838112,0.41362143233275106,0.9425839135682142,0.014549125934788697,-0.02791348115593975,-0.33248267080664473
138,591,-7.0284837613992694,18.4813139924192,0.9361770942312293,0.9996849317082549,-0.007524840975757194,0.023738004070743106,0.003149801023639407
406,593,-3.4161041557643865,-3.208123958709221,-0.35817989751992374,-0.3376668785373887,-0.00033160212929120064,0.026112692697127612,0.9409033406567061
781,407,2.3129149509368623,1.8512398291703032,0.06542788554199157,0.24306260384976383,0.0026527337522773927,0.0050049000974673,0.9699940642026768
138,594,0.6118278907718676,-4.551979827148714,-0.33811737976556044,0.822472349311764,0.0003169006885964853,0.0019556607826399694,-0.5688016434421093
407,594,-4.941749263849063,-3.23490344314683,-0.25325750729609453,-0.4098459780389916,0.021494248449890917,0.014535311813628538,0.9117856087257121
782,408,-0.34433103250097336,-1.082319252126444,-0.11832863066599372,0.7801383322803787,0.004312681689474354,0.0023850727281634295,-0.6255876395130552
139,409,1.437022107603241,-3.8510241873133833,-0.4271411784950904,-0.3386406678617501,-0.002179525579367542,-0.003527414046580653,0.9409066399428483
406,595,-8.582999351448503,-9.981502094950267,0.11955260769105856,-0.6102314779650422,0.01148363562029231,0.006651242575829543,0.79211200621234
783,409,1.5510319738825662,1.9252444463370442,-0.020095423583235617,0.9477676455630457,0.0022704183383096296,0.003841935414102539,-0.31893036035586814
784,596,0.3480860149615354,0.81117581122935,-0.27737839881064263,-0.24356580851916879,0.003495112531678904,0.0010493441564051469,0.9698775077223082
785,598,1.7031056042240618,-1.5894755592484233,-6.738242016781293,0.9149081140259748,-0.33839005924247745,0.060586989532994615,0.21157629213745838
411,597,5.709360698503531,-5.925447548967186,0.0023635580754815316,0.8568527071801187,-0.004579209302894067,-0.0013345723983016495,0.5155392205805254
143,411,-8.93289397159742,-1.9110321416322573,-0.13426706655279855,-0.40443691626693185,0.002664004637089356,0.008301465999011496,0.9145243405738612
787,599,-0.928996347806221,3.7342478571999673,-0.05942717950820313,0.8049412771571571,-0.0040695143297461945,-0.0018767414277616702,0.5933375575701726
788,600,-1.0497856363126403,2.682506445740566,-0.07491184191838371,0.7641745188011184,-0.0019950962354730074,-0.0016176350228711157,-0.6450044245298034
789,146,-2.2541414246951175,2.2334938781240936,0.18096607955616847,0.8866973139579347,0.0075111696682960225,-0.010315407368350066,0.46217426163820824
146,601,-1.5957327775349321,-6.308992547996629,-0.14015988428571022,0.9568335964622423,0.0015785550498220446,-0.0008293886419832972,-0.2906308465382951
146,417,1.4668922638654984,17.19327656685267,0.17783248113990624,0.9947954826260115,0.004082673101667256,-0.0062615443053741305,-0.10161728489847423
791,416,-9.227449525820829,-0.7086901105888114,0.04810078816854466,0.9812155836586719,0.0005540593113453931,0.007042204727416042,0.19278505843614702
792,604,-2.6865331175040126,-0.7006535829563578,0.4474970883952839,0.32785866775669187,-0.0067759808109148865,-0.007539013400551912,0.9446724000084917
793,604,-20.00622520827832,-9.275711235460802,2.244254559033375,-0.5903408316285534,0.12100770917438308,0.18413415154526397,0.7764981977230737
794,152,20.60221255706002,23.242328211869584,0.06945058317841912,0.9349670313723272,9.05865086036465e-05,0.0014106591568614423,-0.3547318030310296
151,420,-4.247037106790391,4.0233837117705855,-0.044460550353932815,0.723118658457922,-0.0016023228802515461,0.005723015026357797,0.6906982593364563
795,152,1.3448556260949331,0.3498929936883074,0.09539131412870543,0.947172224703071,0.008515468266518314,-2.035287079980551e-05,0.32061232530424916
421,607,-13.57492615767933,-24.351101917764314,0.3047236523420259,0.8504082724063365,-0.001640119414579607,0.0007731074988536983,-0.5261202168097812
155,610,2.734658551348121,2.481865666756025,0.07286009370160576,-0.4078531364976182,-0.0025345777944993275,-0.0003847631589225689,0.9130439457779513
155,424,-4.192237573464189,-3.278025110350039,0.031471481299770725,0.9971868222476027,0.0067499872958784795,-0.004100950574876614,-0.07453899255836476
424,611,0.06724244560713787,0.23475831783255688,0.05289093091836154,0.982249396768416,-0.0019051772981284903,0.007674647006465706,0.18741289347553328
156,425,3.02145099114859,3.996495938686415,-0.02976205189783224,0.40904389081772874,-0.0001452747587542822,0.012983667059924039,0.912422324732147
800,157,0.6480415509957721,-0.17882218133175679,-0.06044485447014119,0.09632332545759635,0.0016615550194237073,-0.0001471390257906458,0.995348699982983
426,612,-2.343156780079144,9.02727223022025,-0.18649347424755114,-0.6461616618307193,-0.0012679100605413746,-0.006876960878820205,0.7631685309244037
158,426,4.350096440347965,-4.321264825211043,0.016089566911924747,-0.2473126427530955,-0.007842164207071293,0.009580018278507876,0.9688566356509163
802,428,4.139478721187318,-0.3236091081343076,-0.06491943389205244,0.32851616026025093,0.0010527307682779916,0.0003587663826358452,0.9444976948052723
428,614,8.054280562963193,6.071764974323774,-0.1767809581244823,0.9917613387269708,0.018683111216244608,0.010411880587716773,-0.1263011524270283
804,161,0.08008278472710843,-0.056904757257770576,-0.08161921575439621,0.17301774182038743,-0.003430445474107546,-0.0002672729735079004,0.9849126974632729
161,616,5.4632100882169565,2.499017295709192,-0.029876750822468223,0.9987079480424184,0.00026714828182027907,-0.0006843852754315792,-0.05081234855320645
805,617,5.810930712776109,-3.542710150879697,-0.167440203856183,0.1389396010758892,0.0022502749348508526,-0.00015131326306281432,0.990298288708956
430,618,-14.97599969637351,33.449421618506925,2.1364776726333057,0.9176671521308907,0.17408976121662065,0.3321036104769645,0.1314798267708222
164,432,-4.516770293299469,-2.32392284171177,0.19563724404833613,0.9651283881227257,-0.0021079549695257357,0.002627289197801613,0.2617553214682499
433,620,-0.034332243562150054,0.6573949542638585,-0.10506748223014908,-0.15635805857933557,0.0029146258220906335,-0.004036250306256237,0.9876878915715651
809,286,-0.34358946980565575,-5.339992641144038,-0.3208577614220844,0.5120508321158723,-0.009125206583188142,-0.04658732061148891,0.8576422899394008
167,286,2.5910298894274097,-3.5434577866742276,-0.07079311219970368,0.8495700441137719,-0.02857764127869344,0.03676623466075864,-0.5254163135574876
435,621,7.123204753566222,5.612941216929259,-0.18281973111441993,0.9589955448121256,0.0015229539457526343,-0.0006820099656825206,0.28341623189962195
167,622,-0.4250953394766592,0.41834914588824695,0.19024627660181906,0.9735878300942666,0.00420207690163904,-0.0006804360820232176,0.22827311854177723
168,623,0.10715546456238424,-0.8262440944900916,0.022544472603559722,0.8292167234662665,0.0016357278335937609,-0.005791454721852008,-0.5588948102912824
16,168,0.924265496348772,-3.0068444394708367,0.21888534117044972,0.8443080479999633,0.025680200319182077,-0.02510215227772827,0.5346534665978366
169,437,-2.9300261508506433,3.075278313459704,-0.03851036780433464,0.9723506219664102,-0.0033338955572399724,0.00035747174980063813,-0.2335016601994445
813,625,-0.031126320090582194,-2.288281401370697,-5.998953171763935,0.836635050529704,0.4857015433371514,0.007513403206389018,-0.253138996990442
814,282,0.7500097904382791,-5.858962955680059,-0.8222826483319793,0.9826824463233808,0.01585619527605973,0.010508672413786991,0.18431863325058387
171,200,2.8500183369996632,2.0585180608538503,-0.08914698567330356,-0.6331974970223635,0.027518557227700045,-0.03291552377551127,0.7728002504317034
282,438,3.7601506397604925,12.964990680341684,-0.3991480476263754,0.9942182707121255,0.0047781919624814125,0.024840785657339694,0.10435580689011337
815,198,1.352784687780781,-5.293477053071646,-0.7389614991057644,-0.6843688753786192,-0.040692588149844625,-0.0023684737423966557,0.7279957046678248
172,628,4.422638257599762,-0.04606428806857191,0.06895519324799508,0.9726648455791466,0.003988409639808816,0.0022251454263766323,0.23216855835980765
198,440,-19.630122813561798,-5.872406466362196,-1.805109371494869,0.24732646547118528,-0.040238534299731246,-0.0038877289250702296,0.9680885111387002
281,628,3.8025311897288803,3.985525405198711,0.2262976489900319,0.9065102933977559,-0.042510369530945294,0.0009154986595240643,0.4200370439716734
816,12,-0.0078125,0.001953125,0.0,0.9999923635395728,-0.0039062400382609236,-4.6468337672745325e-07,0.00011895833938513242
12,173,-0.12027157449370482,0.13056039666362101,-0.023242483608382117,0.9997156657112638,0.004875298153432808,-0.002927840175395101,-0.023157006527335943
279,628,15.18432749737175,2.236230265144751,0.01605353347388899,-0.416955189813743,-0.04992814161899398,-0.02092338343828216,0.9073134862809843
817,198,0.0,0.0,0.0,1.0,0.0,0.0,0.0
10,174,3.4144742653677214,-2.6414617467049712,0.07952908256548234,-0.5750234037026856,-0.014142650404675482,-0.033006191143093166,0.8173485559906098
11,173,-3.0947045033629443,-2.325466163440138,0.004255195152103765,-0.4596116086083538,-0.03083203420690997,0.022821123863899805,0.8872912437326843
198,279,5.515049129089666,4.851583702399583,0.1908063210480843,-0.19681509260963984,-0.005929898339593389,-0.002880974053377067,0.9804184594423162
443,466,13.697221124336995,2.676179483458694,2.153849292749678,0.8390929708903057,-0.00840505379411015,-0.03788596631891839,0.5426020593669734
818,278,0.2710261990827293,-2.786206460410492,0.1183176202246145,0.4687400224868197,-0.06425346484492087,-0.03117438925943694,0.8804444565268041
9,442,3.495626459730206,12.47082705785497,0.7599856560314685,0.8586605241412306,0.012726588121459567,0.10428940487522714,0.5016610990171203
175,631,3.970647646106345,0.7832274219394127,-0.04829567234603548,0.9271559493247762,0.00047642707258937795,0.002943179390247364,-0.3746637910767389
443,631,-6.337635666578834,0.4868581124752936,-0.0371445134512944,0.511545029857756,0.0007160910356064368,-0.00043676297119770385,0.8592560612992867
820,176,-1.637039018169508,-3.1895620025311002,0.3977538586199664,0.8361014623965781,-0.0044414812899271775,-0.03062167236111072,0.5477014980845528
821,193,-1.5360516003943347,-3.0178316239978025,0.2372269947305619,0.6028357782929415,-0.016015483790883925,-0.02588616214923229,0.7972844130535045
178,445,-1.048989173454223,-1.8277414579923996,0.4864057765427624,0.7207345735038866,-0.010058305770833513,0.00717897271202529,-0.6931009792173077
822,446,-0.688051180458695,-3.493464878316456,0.37561682930910484,0.7955634144948898,0.010288017746101297,-0.006734019334192438,0.6057455432701878
823,447,4.210128228199015,6.471061304420414,0.2735067720873766,0.9666637982439723,0.048248810050919626,0.010977450504041565,0.25122231006349416
824,182,-4.417685328699005,3.7027180122346937,0.7967261274690448,-0.32631595298050314,0.007856796474408848,0.007859941648153582,0.9451954247121985
181,450,-0.11957758854159614,-2.8677421755488837,-3.9252981374335816,-0.5175934233581122,0.18374176695747843,0.02103363846623852,0.8354002616857655
825,182,-0.8533285669231448,4.018624497744241,-0.16767176586481292,0.9667959077971723,-0.03410093851570212,-0.013872869108292014,-0.25288404884787447
183,451,0.796156910388611,-6.907400379280423,-2.019057279927336,-0.16321397714264688,0.03530543642176252,-0.02490865419157161,0.9856440953867238
826,639,-2.847075565971132,3.6290966996344,0.22634378740984476,-0.5406296070055788,-0.005321289234155288,0.00429980925558306,0.8412329187271772
184,639,-0.9846195061571192,-1.623084613095812,-0.029199212299665156,0.936975096691102,0.011524713326346145,-0.008303456012344584,-0.34910729265040663
827,268,6.733860059860843,-3.0348462236281164,1.4940974747177502,-0.12922976351218243,-0.06202399471277388,0.03643333594416362,0.9890021761019715
185,454,-0.12801389242458502,-6.028842724324751,-0.5502299525566163,0.7118118803177538,-0.015000547697294737,-0.03733435166251807,0.7012167830230709
268,639,10.031539608385344,-4.119425388963114,-0.638427286997077,-0.6505864673701062,-0.0026025322883105506,-0.038208539816622054,0.7584659404255776
